2150
2150
2150
2150
2150
2150
2150
2150
2150
2150
2150
2150
2150
2150
2150
2150
2150
2150
2150
2150
2150
2150
2150
2150
2150
2150
2150
2150
2150
2150
2150
2150
1691
1691
1691
1691
1691
1691
1691
1691
1691
1691
1691
1691
1691
1691
1691
1691
1691
1691
1691
1691
1691
1691
1691
1691
1691
1691
1691
1691
1691
1691
1691
1691
2503
2503
2503
2503
2503
2503
2503
2503
2503
2503
2503
2503
2503
2503
2503
2503
2503
2503
2503
2503
2503
2503
2503
2503
2503
2503
2503
2503
2503
2503
2503
2503
