2330
2330
2330
2330
2330
2330
2330
2330
2330
2330
2330
2330
2330
2330
2330
2330
2330
2330
2330
2330
2330
2330
2330
2330
2330
2330
2330
2330
2330
2330
2330
2330
2045
2045
2045
2045
2045
2045
2045
2045
2045
2045
2045
2045
2045
2045
2045
2045
2045
2045
2045
2045
2045
2045
2045
2045
2045
2045
2045
2045
2045
2045
2045
2045
2452
2452
2452
2452
2452
2452
2452
2452
2452
2452
2452
2452
2452
2452
2452
2452
2452
2452
2452
2452
2452
2452
2452
2452
2452
2452
2452
2452
2452
2452
2452
2452
